hour_levels <- c("12:00:00 AM", "01:00:00 AM", "02:00:00 AM", "03:00:00 AM",
                 "04:00:00 AM", "05:00:00 AM", "06:00:00 AM", "07:00:00 AM",
                 "08:00:00 AM", "09:00:00 AM", "10:00:00 AM", "11:00:00 AM", 
                 "12:00:00 PM", "01:00:00 PM", "02:00:00 PM", "03:00:00 PM", 
                 "04:00:00 PM", "05:00:00 PM", "06:00:00 PM", "07:00:00 PM",
                 "08:00:00 PM", "09:00:00 PM", "10:00:00 PM", "11:00:00 PM")

disp_hour_levels <- c("12 AM", "1 AM", "2 AM", "3 AM", "4 AM", "5 AM", 
                      "6 AM", "7 AM", "8 AM", "9 AM", "10 AM", "11 AM", 
                      "12 PM", "1 PM", "2 PM", "3 PM", "4 PM", "5 PM", 
                      "6 PM", "7 PM", "8 PM", "9 PM", "10 PM", "11 PM")

disp_3hour_vals <- c("12 AM", "3 AM", "6 AM", "9 AM", "12 PM", "3 PM",  
                     "6 PM", "9 PM")
disp_3hour_labels <- c("12am", "3am", "6am", "9am", "12pm", "3pm", "6pm", "9pm")

disp_hour_labels <- c("12", "1", "2", "3", "4", "5", 
                      "6", "7", "8", "9", "10", "11", 
                      "12", "1", "2", "3", "4", "5", 
                      "6", "7", "8", "9", "10", "11")

wday_levels <-  c("Monday", "Tuesday", "Wednesday", "Thursday", 
                  "Friday", "Saturday", "Sunday") 

month_levels <- c("January", "February", "March", "April", "May", "June",
                  "July", "August", "September", "October", "November", "December")


man_bus_levels <- c("M1",  "M2", "M3", "M4", "M5", "M7", "M8", "M9", "M10",  "M11", "M12", 
"M14A+", "M14D+", "M15", "M15+", "M20", "M21", "M22", "M23+", "M31", "M34+",  
"M34A+", "M35", "M42", "M50", "M55", "M57", "M60+", "M66", "M72", "M79+", "M86+",    
"M90", "M96", "M98", "M100", "M101", "M102", "M103", "M104", "M106", "M116", "M125")   
  